0000000000011101101001110010010100000000100111000110111011110101
0000000000011101101001110010110100000000100111000110111011110101
0000000000011101101001110011010100000000100111000110111011110101
0000000000011101101001110011110100000000100111000110111011110101
0000000000100011110101011101001000000001001000000010111100110011
0000000000100011110101011101001000100001001000000010111100110011
0000000000100011110101011101001001000001001000000010111100110011
0000000000100011110101011101001001100001001000000010111100110011
0000000010011100011011101111010100000001100111100111110100001100
0000000010011100011011101111010100001001100111100111111100001100
0000000010011100011011101111010100010001100111100111110100001100
0000000010011100011011101111010100011001100111100111110100001100
0000000010100010001111000111001000000001101000010010000111010011
0000000010100010001111000111001000000001101000010010000111011011
0000000010100010001111000111001000000001101000010010000111110011
0000000010100010001111000111001000000001101000010010000111110011
0000000010100010001111000111001000000001101000010010000111111011
0000000010100010101111000111001000000001101000010010000111110011
0000000010100011001111000111001000000001101000010010000111110011
0000000010100011101111000111001000000001101000010010000111110011
0000000100100000001011110011001100000000101000100011110001110010
0000000100100000001011110011001100010000101000100011110001110010
0000000100100000001011110011001100100000101000100011110001110010
0000000100100000001011110011001100110000101000100011110001110010
0000000101111111000010011011110100000000111111001001101101110100
0000000101111111000010011011110100100000111111001001101101110100
0000000101111111000010011011110101000000111111001001101101110100
0000000101111111000010011011110101100000111111001001101101110100
0000000110000001010000101010001100000000010000110101000101100010
0000000110000001010000101010001100000001010000110101000101100010
0000000110000001010000101010001100000010010000110101000101100010
0000000110000001010000101010001100000011010000110101000101100010
0000000110111110000000001101110000000000011111010001001000111101
0000000110111110000000001101110000100000011111010001001000111101
0000000110111110000000001101110001000000011111010001001000111101
0000000110111110000000001101110001100000011111010001001000111101
0000000111101110100001000000001100000000000000111001011010000010
0000000111101110100001000000001100100000000000111001011010000010
0000000111101110100001000000001101000000000000111001011010000010
0000000111101110100001000000001101100000000000111001011010000010
0000011000001110100101011001100000000111000011000100111101011001
0000011000001110110101011001100000000111000011000100111101011001
0000011000001111100101011001100000000111000011000100111101011001
0000011000001111110101011001100000000111000011000100111101011001
0000011001100111001000000000000100000111011001001011001010000000
0000011001110101000000101100100100000110011101110001000100101000
0000011001110101001000101100100100000110011101110001000100101000
0000011001110101010000101100100100000110011101110001000100101000
0000011001110101011000101100100100000110011101110001000100101000
0000011011010110111010110011000000000111110101011111100001110001
0000011101110100100010111010100100000110111101101001100011101000
0001011011010110111010110011000000000111110101011111100001110001
0001011101110100100010111010100100000110111101101001100011101000
0010011000110111111001101111000000000111001101000000110100001001
0010011000110111111001101111000001000111001101000000110100001001
0010011000110111111001101111000010000111001101000000110100001001
0010011000110111111001101111000011000111001101000000110100001001
0010011011010110111010110011000000000111110101011111100001110001
0010011101110100100010111010100100000110111101101001100011101000
0011011011010110111010110011000000000111110101011111100001110001
0011011101110100100010111010100100000110111101101001100011101000
0100011001100111001000000000000100000111011001001011001010000000
1000011001100111001000000000000100000111011001001011001010000000
1100011001100111001000000000000100000111011001001011001010000000